11726
35447
38107
45919
16141
1736
6452
9110
31731
20989
12566
15532
11806
27698
8869
6035
10852
19916
16286
30073
31629
17508
29481
3103
46413
14895
24971
30713
28415
7099
11847
5995
14685
20328
24052
22181
37627
10448
7370
41357
45780
6324
36998
390
37853
4389
40541
19738
9109
46156
22878
3689
49102
29398
9167
22030
6901
3472
17945
27466
15484
6411
35136
19552
7482
2715
25674
42620
29896
20386
20514
48337
13996
37284
7012
20525
29138
2822
42024
8427
15542
13464
3052
32052
11695
10797
4729
23811
6005
33891
46824
7780
13539
29971
36189
9192
48167
11110
6481
4232
19207
33
43406
14948
40302
30799
28340
40487
14851
8762
32105
36568
33914
24118
23244
45103
48964
43914
13002
37409
38290
40732
31130
43531
41015
37303
1187
19239
18939
46411
18109
12798
4635
49794
17284
18058
32894
40746
35897
20134
8115
1748
39492
12197
23862
3960
21268
25772
1025
13379
21126
25165
47519
590
468
42929
23804
9836
29172
26513
47544
14224
28498
36064
44058
19560
49208
46408
29937
15962
19833
35808
5254
35081
13789
28728
48701
14100
26518
8705
6155
49243
36946
1675
34529
39887
17753
47691
4742
15093
36342
41449
47763
6743
21475
13652
48007
22679
19853
9266
11547
1473
15046
16312
6368
40428
38425
40083
11332
32156
42632
11328
31636
24727
26001
32462
42427
43281
18591
526
29913
28999
45773
19124
40911
13477
17125
47261
48374
25572
33270
36044
6239
45844
9525
35539
32693
32529
21946
16650
7486
49605
39131
43183
34961
11210
27751
22507
37986
31562
40376
10301
48873
48373
16683
39301
23456
28718
48156
11119
22155
31859
3274
31961
4737
48903
26841
40035
809
37581
44103
8466
33424
37731
49862
13953
983
5257
28392
37397
23193
43916
31065
49164
46410
31668
42790
8961
49307
6086
4219
30158
41929
25782
14490
7374
7
14637
34072
48621
8096
22659
29345
49903
25438
13322
15948
37994
25768
11942
32089
47042
42997
38732
18742
32879
36336
42470
20065
49260
30228
43473
4248
10190
14086
10147
4636
13151
994
33788
4692
19654
25982
49768
9710
5237
4747
5678
3776
2975
10057
1160
2317
1060
20378
14191
8963
35002
3167
24082
38304
26041
46206
12227
16613
16627
12021
36254
35923
32415
21656
31351
38658
40337
4439
28095
29585
9495
40683
7954
12791
19602
1311
36576
36216
10383
38555
31975
42899
13201
25019
25913
21032
29245
40302
4159
20823
8978
27898
29290
5923
47523
46525
13905
41238
18274
16975
11020
41742
31946
47251
13468
30325
17225
40636
42037
27294
10536
19708
9833
15963
7785
39672
27314
8396
43980
26279
36315
7298
38350
36681
22075
48513
25982
18725
15504
4307
45069
17818
22148
44314
48386
807
49854
23406
4167
13030
45336
41956
33011
15298
19144
25471
32245
13866
13214
38400
6025
29774
41801
32201
36267
46966
2502
36848
36325
5474
7846
33823
26630
5004
43386
24440
39842
43002
35614
27605
8528
17903
39311
18973
5492
8305
48506
11491
19657
1989
32739
2889
49946
24950
34735
6578
12717
13141
30958
32084
29148
21579
11848
44220
21058
31193
49347
13932
33727
33776
31678
41103
1016
6445
3005
15485
44766
47196
25154
24842
12985
42589
39508
21049
22448
3748
10303
30799
14696
34346
43464
47650
15399
9330
37018
32639
25939
18502
20146
13242
16684
42446
33603
29312
9875
44930
25687
44185
44838
22632
33220
25706
9353
27927
15846
1190
5650
27100
3534
24948
28576
46521
41143
40076
45369
29227
26000
4668
23231
36469
16875
12983
45551
39784
24194
5788
7158
40148
24592
5140
25023
43192
24419
21957
49165
27701
15164
21924
7474
38609
49536
22759
40138
4087
10687
21048
16695
40763
39502
10726
22601
21467
35475
18342
27177
41713
17693
36278
18851
25366
46333
42450
24190
3841
43812
23648
8250
19468
49883
36213
26420
45735
18793
46075
23016
3766
3173
43178
49412
27669
15576
36802
30597
39116
24221
18219
29073
22238
48057
38244
37168
27595
46625
47432
17559
36118
27868
18974
4034
4992
18598
41055
766
13443
21229
40035
18464
46155
7388
21460
22725
43102
20226
21236
18279
5437
27726
41851
27145
47170
13257
37160
42224
7033
38272
152
34366
36604
36781
2869
971
19766
25953
7445
49426
6169
34384
40676
9877
8618
15161
32236
31662
18474
17648
23968
12788
36544
29145
45688
33318
38722
147
30871
41287
48867
49231
43976
12550
41574
8156
6951
31880
8336
42705
40444
46308
12380
16710
4194
4987
38632
383
13237
36259
27756
38405
25610
4670
19659
37139
33992
44843
31025
46170
16388
3897
26317
15281
46572
4307
29929
28589
49401
5021
27396
26729
48583
38218
48272
30514
49440
30119
6567
36258
22900
47927
45304
12519
9797
14683
33728
18206
28863
38893
5572
49873
38261
43482
48747
17371
42982
2315
23256
43908
22671
3182
17508
46798
13498
26118
29594
15434
46675
14811
31756
29079
2651
8350
9156
1432
42662
24462
38532
23777
6688
4256
2175
974
49388
30383
29120
3568
36236
33168
47816
35429
29100
7808
14230
4723
15129
42780
3422
36016
4144
39453
49756
5633
13872
22862
13377
28541
18289
48427
46108
31853
15790
22088
40661
24627
10702
35019
23954
38388
40705
6087
10012
20404
9094
31493
14348
42972
9033
44737
15359
17258
15368
5039
35593
33493
47015
35401
38597
43194
34938
23334
31722
32473
47920
30936
2682
31734
35999
18817
40724
19436
36778
9651
48249
32948
48959
38099
15164
47822
9260
13193
38578
18714
37922
535
20104
30470
17970
7956
9700
47716
6436
19875
22452
26774
2567
40821
9795
30617
10227
21639
31290
22363
36521
281
18403
15643
30364
25005
39704
7164
39705
22072
37338
11973
34801
26008
27662
3176
22135
43474
10881
8845
33269
4631
42605
18938
25257
16178
23283
12033
2925
46017
25736
14086
37700
35917
38381
4187
9456
25687
21462
31147
25601
15969
24108
15887
46328
28775
40637
45824
44905
10424
44225
33146
43423
44197
39576
41864
38665
6916
28623
46498
34994
24369
47506
7840
28095
2386
29819
25562
39489
39845
38584
24638
16074
36057
2107
572
22780
12614
667
48001
7853
11770
42807
42238
46711
4944
14667
23829
11227
49279
22507
37648
28982
45612
36252
40270
27228
36861
21698
23834
5809
33852
44068
25353
2503
6836
19692
32816
6721
42698
22186
46336
41461
24779
14744
11999
4128
48734
34329
36996
38708
46582
17210
36975
27165
18519
36570
22114
41921
41170
19334
10160
2469
4286
9869
41921
30508
39077
25570
40255
25114
42776
10064
21616
27191
47824
37992
28880
46224
40610
29077
22442
27719
21646
353
130
7610
24341
28096
25395
11137
10436
30570
47984
5793
26257
17015
7609
25998
40785
17618
16012
31149
1587
17488
36021
15159
4493
22570
43844
6505
31377
40133
15274
10440
31803
25523
20015
21810
26314
2306
30674
33840
632
26531
7710
7800
14808
44229
20470
14831
28939
45360
43053
5836
37887
30909
34052
26551
2805
5298
25185
18320
25117
22908
42488
27644
20064
26533
49545
28409
15594
17157
10821
15075
12402
45108
23870
43760
6647
1613
27131
38309
33848
20511
26293
9324
46720
42413
34512
16253
35389
11013
28137
47849
18764
9854
21865
41029
48994
47130
22275
14851
31369
12891
5664
46941
47445
25234
40004
31483
35778
47426
30428
49700
3340
16723
26183
41984
30395
31843
34302
38444
21241
49126
9601
20439
24720
286
36432
33049
19797
6919
42578
32420
19291
39337
34086
26034
12934
2128
20500
4750
13101
30744
7038
17279
48619
25505
18296
5214
31778
20946
20561
36872
31836
40186
48029
15759
1071
43218
40785
35100
4924
37455
6379
1903
12197
45315
48907
20247
33081
17923
2977
22940
2749
3699
13412
14074
7256
16749
36140
38360
36891
37280
29214
37158
15435
30613
20050
10070
49436
27981
42977
25904
3324
1719
45216
34537
15498
45886
43668
39327
41441
6782
31153
44923
14964
6759
19955
43993
32440
10154
8216
23603
6856
32832
44568
33897
35609
954
2386
829
284
3395
34612
41915
4489
1058
15334
38038
32157
34412
3140
21150
31315
49174
46486
9965
31256
8184
33502
21008
47470
47484
10062
30483
35759
28758
43427
26965
24316
48798
13217
44779
17777
20136
32989
8848
13510
16453
41857
4266
11525
6114
22095
39992
18642
47806
44902
199
14332
18410
48042
5796
10159
25720
44195
32156
36915
49430
32148
3567
35669
30612
42357
14834
26672
18944
1328
34292
31160
1715
43525
18457
48435
10085
506
28626
13940
40955
5811
43757
45588
37537
49145
6120
11663
49282
37866
41169
49385
48004
45502
20425
10491
10001
43825
328
39566
25679
13745
21450
12275
13841
45222
47254
12780
29143
42537
40655
7674
19217
22690
32163
35748
47873
48530
39393
14145
42205
47641
36151
13155
23187
3893
12538
27088
18664
27929
45247
24430
23977
36677
11254
31994
26115
5655
14662
41925
4509
30078
8435
12795
47891
38663
12988
43873
6878
5030
39793
26650
46686
33683
8018
28087
40105
48734
21251
45513
1758
33984
45228
5204
20290
49392
44668
42882
29308
29998
25981
47232
39260
79
23938
5289
26437
47158
44877
3165
47740
23820
43918
1566
14280
42747
9670
14231
14377
3469
31610
21706
31622
38075
32546
19972
35582
17429
37008
9086
16576
48622
45070
2627
46598
13712
3569
4601
17084
1347
46074
4206
479
45813
23819
19297
768
24407
31815
41449
31111
13700
27137
48758
35781
24159
36214
43954
4818
22424
23399
46788
22804
34570
17711
43489
41377
28388
36611
19375
48876
5010
21671
20519
37035
45191
13037
10822
20025
24217
43912
23920
7927
27433
40367
32530
9662
37374
15613
40211
4048
40141
48948
27221
44812
30519
35714
1358
11968
30799
18572
32110
18856
42998
33416
40620
19588
34405
29079
32929
49672
10119
29486
37729
46670
39952
18917
30865
30070
36237
16392
37737
19885
14201
12764
16808
20731
2842
43356
29790
2678
19974
22881
91
6116
11365
17424
6865
21918
30132
24429
2408
449
9427
3853
17806
45502
10572
20025
42568
33248
44336
862
38218
12925
9776
23986
47151
36470
21509
18209
33318
41929
18652
35461
45225
14742
21681
39732
49147
21294
39287
16707
45485
33591
11762
24328
27004
31452
27681
6158
24443
11937
49963
35234
37593
3429
8261
10714
6735
43232
46029
49012
21208
28139
35622
29548
42861
45023
18544
4472
36076
15286
41523
13710
40820
24638
15272
19333
22768
18748
13892
33544
29166
44317
5250
49463
3322
5671
21228
43784
10603
18478
10182
14043
30682
17986
40023
20683
15867
12758
41396
48943
24794
40875
10027
305
45043
28075
24329
23494
14173
8674
26648
9084
1092
40999
22297
39490
20241
48072
27114
26960
9977
3347
40772
44888
25871
34001
17427
45588
28630
45868
47650
5775
29208
16594
41379
4800
10892
20162
4041
15296
12791
27794
34482
42061
43841
39315
21635
21943
25763
43885
8002
35623
12554
36356
45306
7072
31643
40892
40719
35693
36323
28168
28239
2922
15785
39789
9248
9871
39795
27190
22715
31799
42162
42289
6021
11407
45819
35782
24854
1369
11778
14008
28328
24704
25461
9780
32750
12310
42226
12278
21806
16426
438
36795
22829
15349
20612
6930
12677
42963
40574
29099
15605
29294
25682
12545
20869
45062
11156
30324
33205
38990
34148
24830
46385
31344
28060
42440
34019
35984
1177
11429
9893
33853
42291
29628
6400
38196
45882
19843
28087
11247
8111
1350
4841
23867
32156
3735
13367
423
14945
24080
35907
16680
3356
31028
17744
15977
46340
40579
10268
14352
5202
48892
40711
41692
30093
7181
11022
41498
7536
1477
39513
16055
9098
48507
6061
14368
17058
23128
21870
37701
14837
14511
18901
35180
18286
16092
46890
14497
44592
23258
24446
10507
42851
2239
28536
46474
37640
8130
17098
15581
45979
28413
25391
29168
34916
24189
23923
47874
34986
10550
1727
11668
1397
10436
36943
25774
32110
35932
898
26955
421
5025
16990
31141
26239
12706
44701
14028
35626
12976
31704
49887
24414
40190
4398
30333
28881
27329
21745
17557
19831
24775
11069
24553
6709
9779
4389
12545
7520
13030
253
21116
29751
10395
13022
11105
9530
46777
5241
20596
40101
48619
3691
16005
19197
32683
4185
8530
757
2090
40713
38572
15069
49405
29484
28135
35384
49138
13788
37162
5961
48144
7245
18775
13402
9132
51
28661
47624
47240
27745
43256
6142
134
4809
16834
18876
11946
24709
38931
28211
14093
46992
40012
6368
42798
45729
21586
34643
47810
24101
34237
1739
16205
9753
46928
38129
633
2577
27827
24301
2019
31928
31452
16088
40757
36900
10076
11471
47501
23509
11029
45536
44765
45706
32041
39845
41132
13855
15806
6922
40010
44039
4750
43660
32592
48819
26427
42064
23830
46380
16704
39758
35182
24818
1474
28392
829
1345
30565
15978
37050
27341
43147
6736
30239
19035
40039
38862
9293
12971
26208
42368
37068
17717
20865
8831
47951
12687
4413
4493
9590
33240
5600
301
31133
29668
44768
1858
41426
10933
32210
19410
36980
17650
19193
32102
36614
19558
16762
42017
22883
5288
31051
10218
25932
22723
28809
22232
18093
19921
40585
27450
11469
40873
44086
32848
32868
417
7289
35209
15063
16802
1735
20633
36046
26039
29092
29159
26935
16641
2325
23313
33588
49691
43763
39244
14015
34980
35035
17516
2445
5454
39139
41531
14496
49650
6663
18874
22471
28942
2817
28274
44609
8637
5543
2709
32286
17105
9439
33574
31830
32655
43021
32578
18498
15478
31629
22489
44920
42494
23147
11677
1109
13017
36431
38118
18531
27241
32071
36815
42026
38798
45437
25793
30467
30874
41096
6361
16615
35987
10798
4312
13750
17779
14566
1720
24419
30560
33995
41894
11468
41299
19517
8385
38696
37671
13234
9453
1545
23680
28506
7571
14065
5398
14080
1081
2065
22156
7884
1129
42365
6801
11445
40641
16635
11811
14868
21223
48970
33594
25908
22871
4063
11112
7909
12346
5018
10251
13663
31492
41127
40717
27764
48459
36081
42553
8254
37727
15857
4457
44552
24954
37044
12144
8697
3381
42826
46433
30410
15188
33963
26938
29369
35807
38116
11553
24550
20446
7023
47322
9771
4609
15904
46178
10952
27433
22684
20171
12876
34790
453
44500
40336
36846
14496
8067
23981
6119
30807
15314
6750
4849
43689
13412
24752
14947
6127
21586
20453
13232
27579
26695
18088
37062
46009
28020
45707
14131
23719
13728
41709
9092
46385
32144
28055
21643
16709
21071
17253
30796
29381
38442
4258
3348
22778
38587
38763
7847
37749
47647
3238
34804
47394
13046
11836
19975
886
26103
12273
10108
24615
31118
39909
22891
25706
14723
16834
24196
34006
11383
694
26775
4440
41453
14587
29792
7201
30419
33505
37486
16266
12412
13501
23999
6488
7212
5210
27786
9657
4591
11214
11432
34318
26934
28696
8655
22563
47391
39077
36589
24073
36496
42562
35229
25813
12847
43196
25641
28370
45345
40323
621
25073
11309
47037
34915
43265
30172
14151
27489
23433
21264
22565
475
10193
40366
45611
15445
30097
34025
40948
13850
11249
48284
39519
30658
36704
44436
31531
4851
40513
10776
27463
9607
29503
30486
9723
7798
42321
46123
5541
45120
47464
32734
46620
2761
37797
4169
42305
23457
38183
49541
33331
43631
14531
4850
10865
21369
2268
14144
35514
20803
38306
10541
45216
19522
23239
17114
22971
31147
43500
22124
41130
11164
5114
14813
32629
5719
8300
46428
27918
12887
22090
20055
37237
43440
7729
17828
43946
33448
26318
20279
23566
38059
49673
46594
20274
639
11022
13983
24417
18646
6854
8595
43530
26713
44644
20672
4549
26135
40108
26922
3638
14474
39278
34467
8879
28194
7392
30774
30672
19088
11625
7212
29050
18081
1546
43678
31362
11621
4999
25351
1889
28267
41683
7333
4103
42203
38490
36861
6463
26943
29879
1816
26494
1791
26166
13885
20821
7208
45716
49372
36951
312
22946
28069
11556
26120
8905
16723
47587
35350
41015
48984
27326
12542
6887
9429
47527
41493
27247
42518
12345
24210
28563
21065
12441
11433
3047
12473
11163
33269
16497
35419
44993
37042
27293
11396
48702
21252
41498
28373
15369
15479
7601
7684
36557
44660
24454
37064
8365
4876
8983
15504
41029
1012
34258
39681
4219
41438
12612
42491
35973
14800
43499
3574
47732
45026
35036
18622
41501
48409
9121
27496
25385
37388
29498
43232
9026
25727
17092
41681
25950
26484
18536
11856
15400
8682
23610
43477
11209
10303
18513
48054
7046
46442
2678
32834
33395
40014
2854
20903
245
30844
10114
42273
10789
29976
13878
15488
47153
1509
39814
35908
19516
11568
22259
41208
29622
7638
29
22312
47702
7763
16467
35792
16563
36392
17767
27938
1122
15416
38445
15812
7466
31887
47473
40756
27347
9039
1095
7288
49981
9385
19310
48214
829
44533
17230
28125
26930
31134
16929
25119
41286
43580
25518
36923
47072
20399
11600
13739
5110
45284
15205
30711
14255
17144
42770
27763
10119
7831
26260
38284
25772
18431
21873
31434
46933
4134
48733
7763
15346
18452
31305
10541
7886
37151
9141
45421
34721
36017
42438
31392
44258
2536
7859
34212
29066
19626
17689
24661
34067
1090
3567
20112
27808
17963
10868
24853
44982
47544
29363
6494
32312
7502
32329
49478
48800
19599
5437
2056
16873
1780
35342
47381
45754
6262
619
15137
40813
18841
20539
20059
49341
31669
6044
47543
13741
45426
18281
20154
15446
10767
43717
4033
44425
13215
19476
3119
9682
45857
25529
37233
2157
24859
43818
16255
29698
16050
2784
3201
49868
11193
40506
37995
2232
16163
49825
2983
29097
33814
2053
49166
21848
42383
21991
33362
46088
46155
37424
21115
48936
17353
8222
29836
6657
10810
25711
38897
33071
2562
22406
10984
34301
7854
49595
8793
15401
32065
39231
11410
13366
47501
4909
22644
42528
5531
107
11204
27851
19767
9536
47950
16164
16571
43808
20141
44297
20053
49362
10048
49332
18888
7138
27369
40354
23004
13123
40103
4722
4051
1932
9614
14858
32874
31667
10976
30835
12279
29576
6298
8132
13237
46360
1341
40988
17626
36834
8872
19849
10081
45765
7583
25477
47224
48808
22522
24528
10616
14372
8876
20809
6380
17612
47629
24358
13985
6989
6743
1796
7993
25760
37290
4760
23003
36364
39644
30963
41418
38024
43968
8836
6160
26542
39282
25671
45384
21531
557
4491
3237
46867
35257
26210
25122
37650
6356
6865
49238
23613
13788
40871
8211
15879
27590
16123
19868
8848
2238
29870
22337
49751
23371
19935
43304
10479
17838
3277
2266
13424
30103
42407
34855
1621
46612
111
10390
11843
13735
31054
17677
36441
34499
41073
16346
39890
21619
27664
12060
15575
39863
36991
17649
32418
21996
15342
34844
38846
21334
4875
26818
11978
25388
23575
354
9420
37937
10486
991
42610
24266
45872
15371
11571
49009
42981
11185
5813
6133
45293
46607
935
48748
284
28446
18990
33782
45397
13216
44558
1151
32678
28661
32094
35088
49249
13514
8910
5090
45498
38127
12596
18161
27836
31394
5777
28137
37719
15213
7683
45760
34948
15705
21635
32112
23369
31518
12191
4287
6583
46408
26466
27228
22576
439
29535
1831
6519
19843
37005
43614
47888
37994
36924
44656
35190
36744
19174
3664
23771
32738
21856
40920
7322
4239
7759
11687
45464
21827
25384
28345
15673
28505
14928
10625
31535
40892
7986
10277
21565
23362
27807
19414
9562
35206
43567
18603
18306
30832
25493
6937
41222
35187
11217
46177
9682
39459
4176
17558
559
30385
20590
6521
5359
10357
5067
32627
38726
44119
30714
5854
22681
35514
34790
36800
31742
2389
40000
43926
23427
5630
27444
44681
45370
34453
25034
13807
44610
16411
22488
29904
34113
24750
41124
46499
37917
5298
32262
197
40602
34285
38412
21254
3949
21678
45144
12976
49088
5083
45396
24948
47934
16455
39670
13267
38590
17868
25902
15093
12188
42810
39692
46234
17234
30188
25966
43387
40359
36867
1815
40684
10654
11793
39884
19808
28575
19812
31848
18121
35730
19294
23567
38235
24487
18509
45855
17483
10739
4875
42210
34009
30997
7780
20896
2407
30967
17119
33218
37669
21136
24156
6113
23819
16630
14089
44445
17698
36641
38448
49785
19103
38810
32448
14148
39469
42226
27366
723
23990
36879
17223
521
6861
47025
37341
41576
1851
18179
29357
46225
31941
45757
28353
15160
22966
21622
39814
29747
1966
26167
29652
4193
38775
47691
23365
17367
34623
8482
13444
38885
4807
49893
19908
15240
18919
6916
9290
34840
49515
4618
24840
5154
41903
8418
5142
5552
37314
43555
14639
37795
12906
1175
5813
43011
39972
37849
11170
25165
34277
1325
20429
29531
82
20409
23749
41842
46057
1841
35645
19045
25771
36625
42708
23110
49526
45251
31824
26333
34130
44768
9750
39089
7784
46819
47736
23459
19434
3273
14027
4954
36691
28965
31204
4312
35356
11632
27903
21036
16904
22877
21788
17713
48701
39899
48279
41236
9664
47363
23937
23426
5739
129
18368
7664
573
36944
24800
37108
11966
11646
45060
14321
16045
11759
9613
31072
41753
42413
23062
19193
25672
41724
42218
28049
10935
25740
5298
3886
45311
26184
30383
31765
44672
11595
13856
14260
19501
2354
23729
5404
40995
12508
49856
36614
18359
39310
8925
42535
15260
24292
35533
44302
45357
16450
13131
12570
37565
3880
26108
22776
23352
49668
12381
27881
32598
48465
35035
13091
41548
46909
20239
39342
6414
7512
16692
10991
29877
31928
35990
13665
11641
23129
29177
7246
40683
22578
11491
7566
17666
42788
31783
9335
40976
31755
5647
31010
14720
36919
23221
16862
9230
42580
25646
31230
40834
1636
27396
637
38667
29071
16702
9394
46788
29297
33758
24014
36134
28386
7270
5634
40554
1027
6536
48846
7033
37027
48169
1140
23490
7953
29858
44331
40679
38684
31075
44256
1236
2039
29987
41942
32204
30264
32552
46430
49058
17871
33983
16066
44418
42708
45961
3147
41178
40681
29395
39970
424
44270
22016
33684
17665
10948
46949
40702
24842
49129
5552
38856
44439
14210
1958
11710
24654
47591
27672
43673
34343
17383
27409
49741
36498
7901
6831
4491
30117
46426
18379
26999
8017
39714
31814
17444
39856
35635
41730
23386
40797
38431
41707
8522
24447
34827
20864
41672
18243
44303
19682
19415
34070
37758
15992
8419
6652
48960
46987
11384
35552
42075
31829
320
21352
35521
44433
6505
38483
32402
43071
12244
29474
1153
41831
20650
36193
28388
40967
38473
43393
33126
44538
11740
11347
19383
32855
34537
26258
1443
21187
49764
11597
29119
34116
34897
31121
1599
49924
39063
39983
9237
21422
40848
40447
24709
15064
476
34928
13124
24348
30821
36714
45262
9909
26525
44498
11494
48931
22595
44506
45544
20154
14469
24963
39098
3101
32495
13135
23618
49075
37474
40135
9713
33076
47504
29238
44637
15890
20996
129
32572
1046
3870
43987
43692
12421
26876
4408
18863
34943
18500
43238
740
997
2430
27156
10801
84
36510
44776
22444
45874
2414
22688
15721
41620
48251
31580
33246
11993
1382
24102
4674
10695
16443
28304
37987
14384
1118
28185
30631
17728
30593
6955
43883
18838
30946
18532
11159
47853
48657
13870
34386
17526
24736
19117
1378
39235
44323
3605
31675
8834
26790
31590
2761
43316
34398
37781
44361
36265
19383
19336
16497
10138
17133
28717
39744
21619
45431
15191
48272
23115
19213
24407
2856
39377
6842
10147
8846
43301
20396
7221
14378
18992
29496
20291
533
27024
14139
12086
32768
21220
38876
48985
2225
35281
1821
47552
10424
40447
8448
11490
47313
22435
38165
27381
47186
36457
34465
15573
9923
25549
15675
8592
31613
22822
6833
36161
49883
49472
3223
13943
31821
19157
12207
46177
876
6104
16724
24600
49912
27709
47408
22441
15724
9848
34510
16717
27459
22624
41610
16103
39540
3008
20340
8282
15177
42122
49507
49508
17038
8920
6502
33099
6292
25553
10757
5571
36869
17556
4055
15225
26561
10867
861
26446
23191
20687
9163
31139
32720
1868
11431
41486
14086
41362
40122
32615
47682
2271
8611
17745
24514
29852
4907
30680
44313
21562
2051
3411
23888
42200
29945
28918
17210
24821
6138
4280
2662
12492
43313
23947
3565
6273
157
22413
22587
21990
22721
6698
11419
41978
38421
48940
15851
46591
5178
42480
47039
35238
9451
48182
24929
8537
8959
37061
28262
8069
1003
24616
49787
43202
21203
4153
24334
44241
30593
48969
2713
21425
35054
6905
17130
28797
9646
34728
6974
47685
23049
4409
28955
40520
8579
35759
10525
12651
2236
34824
11928
47577
1251
13236
45308
41718
48486
10929
35223
21873
47029
37189
6932
18950
35989
25830
29649
4014
3184
34969
47758
21940
35737
17685
39825
25444
20509
41139
34647
29857
16629
33637
39573
36483
26904
35136
40316
41276
17710
11303
45755
22710
49487
19461
17006
37691
49913
36839
20629
35184
3265
46227
17391
34398
14128
24553
27157
11646
46415
49253
26083
28865
39102
8734
2913
44985
573
23823
48112
37896
32894
30223
19119
44275
43137
45870
2429
9122
255
16366
39209
47094
38387
8475
48182
16552
41554
35385
4906
16986
11563
37770
45605
48508
4826
42680
38671
41486
13606
42709
17178
28941
426
38460
8807
9340
33409
5603
42596
7551
31258
20528
40579
42151
24475
43733
48566
23925
31442
3721
48230
12861
1703
49925
45090
14425
38909
41271
46501
5846
17239
11926
41568
43103
14583
20996
12343
34933
19922
29433
24680
23431
35935
1249
48837
2948
19358
49284
5507
39642
26853
16221
7051
26521
27046
154
5005
16410
10748
11759
32245
28438
7620
27927
37942
16852
21001
19593
15682
8770
34215
10371
41723
5694
7809
6565
45044
14146
46750
39180
2449
42539
36302
32441
15806
7268
10395
38942
43979
40180
12955
31700
9876
35888
8801
38764
27310
45950
11251
25984
34573
23431
28198
5397
46307
45752
31541
43408
6868
33830
33457
44098
49365
44219
34178
39521
36466
17521
20172
34116
3902
30890
3853
10938
47013
16154
15010
25672
45070
17089
45369
46413
14828
665
40034
6308
6324
11336
30046
2550
6120
19698
14186
4761
46594
1343
29205
4808
48685
6004
26636
25824
27244
25521
8198
12453
33582
40406
10763
5743
28697
13651
4545
15844
44963
41674
6974
39747
17264
39299
18737
32506
6950
35564
33228
41013
8892
15099
47498
29876
7809
24050
38542
48903
40712
16077
12284
937
44993
31418
5920
42790
48195
35222
22700
36361
12342
17536
44944
22839
30141
29196
13426
41010
23808
13623
13757
34587
8808
26034
19205
48695
30835
20237
27464
47165
29239
16241
36448
45513
30355
28761
9270
45648
11377
43134
11760
46992
20744
14526
3995
27875
23342
27593
33716
44497
11835
13383
24927
1982
43784
8649
11499
13687
34822
30043
32541
2244
5628
25202
1977
22203
7784
37928
21775
41969
49318
33281
22417
1373
35086
10776
41459
21787
36344
30443
37099
14346
18907
38257
15656
45507
42723
11348
30559
24982
3248
30302
4785
6258
48507
28580
22568
2289
39460
36953
16464
2974
7462
3185
41970
43188
39452
34883
38268
14676
16541
27145
2316
19250
34563
28679
46203
31853
44378
48982
23686
46617
4819
16668
14520
32667
20536
29226
11268
21248
26362
5330
3389
32058
1494
13650
29560
40393
17558
6785
15673
29345
9699
45365
44363
47981
600
14783
37372
46001
14275
6164
30276
34180
40228
47768
29190
2
6808
16073
40894
2764
18287
7589
34059
33290
27913
43721
8598
15327
34895
12488
28784
18263
48110
3892
8635
11936
21374
47484
31983
23601
19936
9521
49276
46555
25015
15190
8079
49211
30670
44613
6413
29657
9895
31880
6348
29297
6675
6570
40929
1852
7773
28347
28740
585
15072
15321
16848
28077
16585
18994
43143
26932
24504
43427
42931
23842
49424
26395
49158
33051
9870
7313
22563
19899
35686
20638
39701
9044
12184
27881
45613
48370
38498
25422
47929
41884
6143
15945
21968
47065
23773
29989
47498
44603
41500
1964
35932
44653
25314
48041
34609
36389
36348
47426
7076
49542
33711
18827
38235
5814
1757
30441
15789
14230
9475
26229
6675
26899
3182
43592
1388
48263
11533
47145
47979
24157
38802
35312
36396
2416
25475
46838
31300
3838
48237
47323
101
11550
40920
31572
23184
43451
49733
18655
44629
12012
23315
42500
42966
38514
41393
42666
7243
9805
40558
38146
14238
40987
21997
48724
35894
10110
45525
22565
37105
19369
26452
25634
25
8967
41827
18539
49482
24440
30004
1967
314
42248
16328
27919
12710
11518
40109
19026
23198
30126
37284
17189
27175
17451
34241
43084
45775
6717
22684
22266
1373
25962
31605
43497
39285
15749
31524
44886
30987
4480
36894
908
28336
25918
40036
16587
13032
13658
45749
36532
42844
41853
30771
15125
34794
47488
49971
45484
31722
43983
11726
30265
6636
45350
1045
2324
6445
37339
257
36248
27833
11735
2568
40171
18234
43842
45004
7275
27038
15002
36637
29782
22806
10816
18543
43749
11211
1295
3350
30439
12
39370
34141
39350
24466
6032
16087
16088
42852
39854
45853
42181
28902
31506
6565
27135
13068
26680
35523
49762
23389
33651
20810
11338
41107
25513
47547
19324
26046
2811
44222
44642
32008
27552
33550
48726
15283
21389
48559
45241
20159
12659
43259
34465
13720
37461
11737
17421
36155
15348
42015
44262
29225
7176
34990
9621
44709
22654
21244
12939
36151
7385
10560
26128
37651
44454
39861
6651
21491
25120
45777
1387
6881
16844
8288
32096
4753
22882
44201
47657
41355
23929
29698
27515
40598
19342
47247
34938
6080
4097
25590
27415
19482
48476
46654
25094
22592
42544
21430
16331
1735
6781
41058
31825
17710
46974
18463
10198
4791
43888
49688
5271
15215
7597
11457
19139
3433
21736
48241
9822
14233
38919
43725
49157
14955
35480
4158
2776
42564
5010
45029
20137
25777
22889
38197
43088
16332
17101
44430
36568
38253
11712
42026
31850
2668
28306
26848
41139
21300
11627
27910
26565
29491
6884
41444
28423
3503
36946
3332
49274
36803
26736
25701
43305
28742
23528
37838
17867
37468
39917
39407
41193
12166
32504
48148
33654
16341
30221
11779
29424
28060
32714
38868
4594
18963
10684
9616
49971
29704
445
30914
12143
49648
24974
34427
36095
24091
20876
3218
22823
43253
13826
20023
14349
29192
11595
24152
21921
5903
12915
32445
32941
22854
40601
49950
39514
7629
45939
41845
33996
14619
5950
12670
26636
47551
2351
28379
25424
10546
24187
5219
27080
15176
38688
24378
4024
39494
4334
21676
11261
9133
9574
26291
9550
38196
17261
31753
36577
27428
22668
1783
9206
9196
37624
22555
41300
6965
36745
37096
29422
3168
49385
17496
26066
33196
20298
46076
7326
10067
580
24372
30559
27492
34059
8169
7623
33947
1161
18808
18522
45484
31005
28522
47957
4288
10191
16558
11580
14934
41726
7736
32415
27562
28761
44674
27928
37587
19894
7120
46755
48325
36578
15506
11146
37191
16614
17171
24252
42624
5698
34559
16906
27755
37304
46097
27294
14889
42648
36809
21480
6917
6708
38941
7414
34450
28943
35223
28943
46193
12519
10556
38572
30559
42379
36748
2883
41115
20059
28661
3906
8821
12091
12162
6981
13570
26387
12017
17459
6524
5734
7666
24171
18263
35645
21900
47143
30222
17072
6330
48666
2539
4880
15618
47915
11701
14755
40645
48334
36116
33949
5090
11803
27152
21656
27142
42414
6423
8768
36254
27130
9374
16750
33821
43370
38319
18270
21912
43526
27840
38079
6271
40558
16756
26534
41686
16838
12923
11199
36178
4974
40341
46386
12959
14093
25235
16190
6685
46138
45774
23077
4668
11654
11025
6243
9564
9065
28193
827
15255
42999
11838
39232
22442
45055
32657
685
9214
47328
37701
34819
12597
7256
4178
9197
31392
34635
46148
23952
5518
22108
44154
36164
10318
21659
16843
16633
9957
24139
