16918
582
18368
14100
18152
3767
106
10642
500
15013
15481
253
2213
4894
15168
8180
11924
3921
14446
7353
1259
16064
2595
18432
8650
3396
8830
18265
16296
3038
9429
8056
1009
5205
4350
19389
13326
7665
12746
18885
16195
15507
5522
9357
16209
8847
12969
7486
13852
12199
5904
17145
6566
5253
18185
16703
3610
19668
10308
13982
165
18780
12341
8532
191
12120
4454
14593
2888
10134
13864
18157
9485
2282
2437
9235
16809
12975
4593
1705
7720
15195
12159
9581
7559
14494
176
2029
7383
9879
6374
11283
7201
12211
502
16363
1251
14403
17916
4723
24
15672
11528
15454
3094
9854
13815
17316
13841
16178
5789
8458
10045
7810
3005
11785
10321
7647
10107
15102
5670
4897
7176
7118
9822
5080
10493
6739
8642
4970
8355
2215
11396
15694
8175
3435
227
4771
7915
4181
6317
7661
3439
917
7199
5742
10095
10338
13703
18877
4526
13253
10315
3334
18160
321
11426
3166
3789
5918
12960
5504
7585
10193
12431
9929
512
15593
19768
2765
18823
16345
9729
13204
12334
19997
15281
13428
6073
14219
19343
15467
2702
13335
1801
12570
9216
17250
6192
1657
10698
14432
6719
19611
9048
5893
14813
2399
6975
15756
1528
111
18573
132
2066
6105
1979
183
12664
10504
607
16119
8556
13406
16445
7015
16228
304
7134
13060
12043
2462
4697
18095
3718
11885
141
11864
10001
13891
6193
14823
19464
4543
10914
17770
6466
17202
4604
8791
5271
11710
18916
5148
514
18505
18209
5163
16833
14942
587
14363
15065
10688
10492
5501
14743
3916
13348
5436
4817
1706
15704
3599
6955
367
2986
6463
10838
15091
4276
9552
11827
10858
2861
10606
19061
3937
7646
3828
9987
22
13966
1180
14109
10356
16825
13342
6870
10922
16256
14215
352
5095
16282
3800
17222
9621
7561
6039
11410
12719
7079
8951
12655
19999
10750
18911
6216
9784
1975
17433
16687
6541
6314
6489
13338
19149
5012
10792
10056
13308
13095
6188
6594
17839
3803
4213
4860
1891
6978
11335
18522
4058
16057
17695
7632
10771
12411
12548
11745
6181
11984
2604
13929
12152
4642
17096
502
18880
2096
17357
9073
12502
6907
16671
13083
19349
14013
571
9938
16526
346
15042
10259
1865
12751
11294
14041
7416
15815
16754
11171
7513
77
7458
18868
16361
7899
13723
18420
4992
4336
16033
17332
12780
9729
4596
9871
18317
3782
4094
13899
8106
17845
700
6303
1743
1612
358
2639
11044
19783
9980
19730
17643
7602
18830
6517
9909
17881
5256
9624
18945
3547
7225
12406
10898
7868
5503
2626
11244
19961
19281
7340
2411
3831
6153
11523
5536
10069
9067
15381
10025
128
7510
434
15116
13284
14821
13871
12848
2687
9506
5030
16120
19986
16201
18842
764
15186
13877
14520
11749
6491
6729
18521
8485
10563
9981
19780
18321
18892
3362
19728
5405
10931
12628
9703
18578
4582
17307
4742
17742
5363
17054
13058
18360
18235
15781
9156
4158
19717
13129
11189
12877
15471
4250
19285
6604
2623
2732
5572
19189
6199
3647
9891
13266
15623
8106
17237
19472
157
15044
4800
5218
12247
18222
7376
5685
7737
17152
11994
7435
58
5870
5309
11127
16473
11255
15364
19508
10189
3147
14281
14817
5529
3702
11955
2109
9534
18892
12512
5755
1611
14035
6366
8162
17456
18408
13204
5348
4560
19567
16701
6041
6037
890
6132
19831
13469
5909
8555
17904
3826
9996
7285
4936
4855
8442
16068
14482
1438
15119
19980
16550
10934
5916
10599
2977
1666
12894
3186
14648
15941
13573
8724
11354
10905
18529
2974
18850
7295
5672
12462
5462
7185
18917
5806
8831
10356
1664
1433
7269
1033
8198
15614
4294
6273
12533
3196
16658
19728
17446
2766
1094
6043
1368
10464
12643
17004
12885
4735
8075
196
18595
7280
19960
18640
13097
5974
5497
18676
18171
17559
16233
10819
18053
10136
18637
19761
12176
9252
9994
4352
10963
12300
3489
8278
8793
7560
12297
2000
14187
4315
19143
15087
27
15573
2987
14353
17068
3571
5770
4763
5632
7361
4628
16754
17088
10079
19602
13673
11202
7041
13054
4148
8506
18800
1438
4123
16351
6030
8862
13066
6104
695
12713
2309
1827
13314
5796
11225
8002
17159
5415
7118
12835
1115
19705
19640
14475
12823
7207
18637
19070
10135
3968
3153
8269
15230
9296
3084
10908
14838
18775
14461
6991
16981
4901
4745
1456
5563
1941
332
1056
19128
4643
17935
18616
14027
13419
3418
4346
10276
5632
3009
1465
6571
5541
11066
19745
378
2187
3759
16421
1221
488
19407
13252
8826
13872
6783
1814
4835
19603
14829
15864
7017
6835
5125
8818
10994
18080
11484
14306
17483
5745
5930
6023
2688
19617
7797
5835
2632
4708
16040
1709
2238
4581
770
17579
15978
13693
5291
9193
8447
818
15649
18848
6269
1930
17329
14054
15126
906
1794
7029
11758
399
14379
9659
4155
10216
4004
11678
2572
13454
761
18185
38
737
2395
2008
4330
6465
4433
9148
11378
14854
15181
3019
570
1596
4601
19143
16027
13534
13519
3945
3922
17966
18504
5802
3296
6318
3372
142
6635
4126
1320
10989
15233
16242
11134
447
3804
7375
5206
7780
5409
5794
6162
16429
15491
2846
9248
7818
12772
9360
1672
14705
11004
8768
18117
17000
82
16934
15345
8495
10535
12327
12856
9133
210
4043
2223
19669
16614
604
17053
7412
10127
5212
12087
6234
6075
5187
8682
4643
18550
5140
3281
16033
2926
11515
12999
5416
5782
16774
9590
9973
13893
19069
3406
19996
3390
11391
7121
2349
16074
13562
18667
257
11969
2567
6463
7751
1256
8928
13980
10309
5397
13950
18702
3661
10542
1683
2481
6943
12975
9729
17409
3829
18953
11733
16140
6479
13416
16292
16585
14234
4845
4000
19106
3775
2427
8118
13709
5478
8685
1608
9497
8742
6948
13218
963
6346
11422
14491
3431
14273
19169
10122
16500
10273
632
674
5464
4857
3348
2636
18907
4178
9012
19775
19048
3202
13471
11679
550
17357
12750
1935
9957
7575
1287
9780
243
12970
16868
9831
4814
10625
18545
5430
8212
19311
13364
16697
8790
16111
200
14092
13387
11817
4546
4334
4928
17533
1076
19284
18222
10991
16655
8202
18724
6799
2755
3527
12611
18083
18562
11788
2409
10676
18243
13242
14628
4466
12931
16877
13928
19973
7301
12216
4380
12017
14074
2142
14287
1732
2428
2186
6120
10272
17556
556
7067
9824
2907
9841
14967
4168
11038
19165
13756
19565
6426
4968
13418
17694
7783
2322
11220
18670
1074
18596
10708
10367
19554
645
3064
14285
1243
16341
8026
5044
13185
18698
10957
10014
7732
13444
18707
16941
2714
16143
7851
2626
4891
7573
10760
7431
1702
18621
14109
8799
15088
8644
11861
17320
3612
12310
18559
2730
12182
14345
17062
7391
14234
6135
16286
8831
370
17398
16890
4550
4764
6517
475
16708
18857
13813
2979
1346
11490
6465
7976
10316
15014
3884
13219
6207
13966
2118
16232
1840
2417
16922
9585
18262
15395
13511
10547
18357
88
8921
2833
6280
8423
11843
16975
8842
9545
19548
16255
17761
8577
2387
3895
14472
2613
10480
19140
15192
16507
18920
2168
8018
12431
2268
7806
6251
15936
1199
4814
11924
19467
16706
9500
15973
3774
4110
13515
12710
287
18750
16799
10842
15781
7654
15120
5224
14276
8963
19387
16871
15110
14001
8434
15269
13845
483
14995
9428
6101
4610
9494
17234
19726
14245
13023
2259
1575
9354
12948
10573
3534
16398
6409
4448
18932
16462
11191
17824
17653
19259
19915
4512
3765
3508
1402
9405
4710
13026
3058
12836
10342
9717
7532
15809
15077
18166
7966
9029
16549
9705
6445
5971
1530
11906
14015
17991
11633
15936
11246
16291
17420
682
16057
13112
9067
19973
13908
7341
16423
6447
14464
1871
1911
347
16118
4949
8054
5417
10364
16239
15484
19905
4346
5259
4104
16652
5190
15427
543
19888
2139
8070
2798
10630
1000
17217
17740
5689
17541
10986
3387
7484
2081
5929
10509
1097
5719
4132
4674
12626
12382
11909
14095
13062
14527
15466
16603
14882
15074
17192
14628
7216
6689
3101
15007
14849
14782
5329
18172
15427
15248
8104
903
6911
19704
1447
6826
8497
9363
14848
592
7141
3112
11739
580
19243
4577
163
10360
11414
19126
11627
16675
10422
13092
19003
3906
3568
1405
14715
8734
17239
8538
474
18382
13930
10379
10747
18387
8618
11278
3133
3553
2005
8158
870
11454
16836
16899
18827
8707
2717
12839
16638
17151
4982
5417
14453
795
4615
17290
6451
248
4362
19589
15381
6197
8370
12828
7451
2156
6565
18349
17296
10364
11672
771
1368
15969
11333
18569
11510
8351
11147
16569
4503
17374
3555
7955
19614
14991
634
553
2637
8749
7216
7959
15213
1631
10731
9328
16058
19386
665
14579
1037
163
11776
2845
14567
16465
14052
7768
10647
16177
2548
9200
5961
6083
12817
3366
12748
17506
17885
9982
9373
9697
3547
7603
10645
13873
4489
619
3372
7359
6647
3909
16360
15034
1283
19086
12902
13650
19346
16722
10884
8828
10668
7056
6504
18034
13237
11975
14001
10263
6308
8236
7320
4376
3394
13086
8034
6222
1792
13328
11397
11360
6517
15909
9172
16806
3411
13883
11881
2280
19877
413
4270
16645
1287
4348
18440
463
17954
12152
18209
4307
5763
18521
4369
14902
13942
6106
13223
11931
8708
1605
16793
6370
16614
10905
15494
362
10693
8647
8036
8247
18480
5309
7948
3215
10457
9689
5022
7102
10828
7264
6513
5305
10829
71
3195
16959
973
16621
506
5500
4681
3148
4253
871
7519
4196
12242
8555
19629
9016
652
16067
3624
18452
19088
222
7862
7915
9532
5475
1960
992
4277
15342
18136
15098
1868
13847
13979
7931
3405
18420
12482
2153
12099
2965
10451
7947
3211
7277
5951
9008
19347
14000
14176
13064
11375
6840
8881
12438
18200
4578
7658
10173
1601
7413
1302
3864
14744
962
9490
134
17908
4967
13317
15714
13569
14126
17399
12177
18566
13075
13135
12212
2863
9698
9645
16125
2396
19135
11776
8318
6309
10175
6116
476
3656
9043
19356
18371
4529
18885
16457
10004
3876
8794
16068
18073
3018
1624
18558
12474
11542
4449
5041
15463
14515
10782
7713
18005
11628
18487
16277
9638
12599
18846
19437
14177
19967
16715
63
9600
13004
5954
19697
9480
11601
6865
18869
19284
12402
13173
17148
2346
4880
7709
17336
5903
8851
12166
211
15030
7571
13669
12709
11123
15106
8707
14870
15374
12697
1186
241
13491
11838
4990
16352
7751
13839
3247
1290
3477
10798
4715
18022
19462
18120
840
346
18638
515
4799
12597
15843
9124
7340
5349
10409
9883
10642
17941
14473
14699
3739
10311
13984
19354
14909
8650
13715
1233
249
6968
3296
5136
17725
18927
9360
1106
12072
15146
2377
2424
205
9179
2592
5044
9041
19015
11980
84
7151
17501
15637
8457
12379
11925
15754
17524
3652
5890
4050
6732
14002
7795
19611
18574
15182
15691
13871
4577
5505
19323
14852
15204
9141
3737
6738
11543
10711
7072
7039
6307
4414
2659
14454
3847
5190
7247
8599
16544
15317
4764
4104
18931
12799
5839
4424
19130
16004
15471
644
7914
1430
5986
11491
15133
5241
15748
14268
15008
10467
15492
9639
14459
10212
4346
209
11256
19295
14152
6921
12466
16597
525
3703
9820
14467
352
12844
11370
19202
3919
6581
9504
1964
1491
5769
11446
11710
4848
11074
2052
9977
8326
14280
8528
6819
3351
17673
6481
17802
5526
13573
3358
10249
2024
14853
13336
13667
3578
11
2001
8267
414
4133
12376
12998
3715
11995
11331
16777
19951
8424
5623
3612
14652
15174
8182
4352
2989
4322
5317
5868
140
17038
5689
16915
12193
4213
94
15650
5168
18025
4996
19749
7216
12312
17862
777
9988
19645
3224
8540
10263
16147
204
10257
16921
1445
321
19903
19056
8832
18985
1353
6685
12970
18422
16696
3213
11243
15616
7109
1752
17833
7797
6771
1273
18003
7357
19256
16395
12019
11561
2109
7292
13894
13080
2427
11728
6824
17349
4549
7253
1480
15857
19876
15742
17179
1800
15549
11711
2892
12979
13487
18884
18289
11513
4729
10766
7385
17522
1144
4971
18209
9834
9902
1457
1061
11983
12638
11991
18932
215
16020
4239
9341
18352
7170
6660
13926
13029
5764
8652
4891
1674
18917
1674
13123
17861
19355
16195
18478
16281
