12101
11112
30706
24605
29067
39971
12961
733
15875
29300
12172
38580
28509
39878
39906
8526
25432
21573
16348
18009
13316
5309
19024
23077
2019
15440
23587
10804
38249
2132
9372
11620
4195
30407
30483
25846
18804
3055
24328
25914
16314
28307
8783
37721
34574
21327
31529
2046
35370
32984
5231
27106
18278
38925
12327
7028
20571
33653
33785
32161
20648
38619
11195
11333
39251
515
5033
37806
8455
25352
9264
15624
7803
24467
37097
14443
34484
31290
39459
33342
27681
2547
27097
16134
31971
371
6083
10255
32176
26407
21064
28789
7501
27470
25168
7631
24440
27825
376
29753
1192
17280
23391
14973
236
19659
36957
36446
9392
16089
28052
19712
27807
17384
2334
6775
30754
28098
29030
12394
17542
3449
11218
29859
14715
12223
34974
14647
4600
33764
8708
973
6076
1900
12375
4108
20720
38476
25520
31973
33513
12929
13247
5818
19593
18766
31939
30697
39940
15824
22996
37434
23360
20863
39517
21153
17686
23683
37032
35375
31414
37808
10706
33179
10087
7072
12317
35945
36907
19180
3876
6005
21824
13959
11625
31902
4163
19830
11722
11858
18928
32688
31379
3889
2180
782
25069
36064
963
29678
20787
32685
406
32618
8037
30938
33676
9136
1653
16200
3457
12030
34751
34306
22428
765
7382
3234
6706
22455
2233
36899
31816
11253
8165
33605
28213
34681
14596
19287
12262
24404
8771
30820
4604
3558
35201
26492
19088
15216
22883
30814
9814
12247
11204
13887
6047
36792
20938
26233
19896
18722
16084
6291
30640
30580
14991
37097
30775
28692
38952
19320
13858
39305
7324
27080
12363
20342
5098
30838
13142
29748
32170
32029
13006
9418
22072
34977
3693
24780
9928
22167
11450
37069
37341
33428
7757
16194
16981
15633
16366
25332
4572
952
220
17057
24257
1165
32809
14960
14053
1916
8194
10704
527
24699
31757
35180
1117
11163
21611
16588
20886
241
32093
7627
218
2843
834
17009
8378
18225
33918
19821
37668
37514
11127
14512
30007
3880
1785
35240
25973
24449
15802
727
37462
3819
20087
9104
9145
227
35324
38990
9782
1081
9411
32113
6991
7196
16052
22678
38724
29694
14091
5649
16069
21219
36568
6858
29378
37963
39071
21169
30431
28794
38559
4447
35267
21473
27760
19338
36304
15722
18949
31845
4077
8549
34834
14802
3454
12426
36743
23429
38005
1066
20794
23798
12034
22455
24290
20610
294
11116
4223
5919
16357
37786
5464
22586
34010
23249
36572
34159
33700
31271
24682
29540
24574
15720
38380
10755
24557
38170
8350
21266
29650
25515
34989
37552
9887
7033
8314
2670
15974
19262
16509
21383
8717
3415
38278
28478
16222
39343
28895
37203
17915
28172
24846
225
32431
8246
7351
37015
24735
2559
39645
7184
11423
27572
23433
7314
11105
17118
5507
7008
23176
11061
22525
39356
26202
15266
30480
6909
404
32559
15710
19272
15768
39374
33046
22894
25026
25411
11029
15522
34904
24174
34986
13525
13471
1529
8754
23856
10442
22682
418
26605
36558
4549
22371
13715
36497
562
29912
780
8000
13702
38779
4644
16448
29601
28005
20384
36988
4227
23916
22649
5917
10267
934
12212
9560
13934
9996
5087
17888
288
39930
8553
11005
8675
23635
8927
25269
14073
28610
31039
16358
21031
26779
6651
25781
11704
36511
19403
28321
13802
31199
8687
36785
25658
5687
26368
16396
9991
17212
306
24231
6181
5360
8873
28184
38721
28402
33332
33674
8812
10803
35370
36105
18182
25570
3295
18813
39304
11754
31875
19444
45
16529
27480
35032
24254
34753
15119
31680
2041
3684
29054
16097
21981
7080
14143
37413
29333
24418
6055
22292
254
37262
10977
18159
8727
35253
9319
38044
35524
1575
12380
36986
7935
17448
16137
1558
8668
12135
37171
25655
33014
1385
14613
14740
23867
12805
22848
16294
34258
5768
35851
19928
38500
24184
1656
1498
25678
13942
37476
26452
25313
14141
22442
30136
37780
1223
4886
38704
32327
37774
38529
36791
16436
39599
1166
22275
20724
11371
29887
34720
32748
22984
30069
11544
39506
16533
34370
3278
39391
8458
14380
20651
18579
31501
38081
30447
8096
12113
22290
26473
29684
34137
38989
4610
24102
4763
18427
13683
6716
39103
5394
407
26199
15494
15416
9307
16956
39560
9173
29713
38527
22550
3795
9764
13006
702
33397
27750
3415
15276
8977
10885
27159
1773
8171
23133
35840
14543
752
39783
13638
32613
24012
13326
25223
11751
28968
994
27797
33974
33347
14821
18721
22972
9900
30787
15109
38194
27417
9376
17773
33979
15783
9801
22179
7662
23983
396
35063
7601
1025
1379
8647
38784
10112
27083
3312
20621
11802
12211
5585
34690
32290
10768
24057
35938
15307
31565
39213
8141
17795
13728
23127
30754
21225
28856
24717
18878
26157
4114
24637
11235
8195
25451
37299
18357
22788
31888
35399
21533
7457
31633
13030
400
15684
660
16379
28458
6341
2821
26297
8628
19653
5419
35336
27269
22571
14998
10569
10948
26681
24372
39368
2955
4874
6980
30077
10471
25834
28258
24895
2108
3026
31808
33286
10502
16766
24693
15643
18426
7533
37935
31838
6218
34933
19205
35891
4488
18944
20135
19019
15970
2598
36919
35274
17099
28713
39984
39642
17979
19143
16644
1036
76
9536
34757
9382
25541
17700
1593
9741
9588
16215
21776
31632
11252
32293
16433
22158
12495
24380
14960
24006
23548
34762
14428
37241
1865
33844
25270
10750
28308
8047
14268
15650
18227
3327
29602
11705
29491
24522
34210
37382
35134
37144
14443
3906
8662
32106
6645
7949
2494
5620
14900
26030
14455
16247
9322
28872
12199
6911
32791
6300
27799
10294
33420
17525
30675
37412
11230
35252
8372
15364
17717
11256
19002
6404
16900
25769
29651
34712
8979
7074
2809
31739
27063
12153
32375
3203
9956
13548
33099
3295
4249
9705
20647
2864
24953
9721
36882
17602
12858
34123
37868
23782
26550
26969
22158
22509
16927
35001
4175
2819
31440
21826
2724
10277
14718
5785
17439
22400
24717
32151
15256
5096
32319
19736
16041
19121
27015
28259
14290
8622
1532
29425
36477
15364
18409
26844
4701
15977
20609
35365
9007
25407
35375
18082
34787
38855
31948
9986
1620
15939
37738
35647
20977
19309
16333
1695
19648
269
28025
29158
9529
15803
3751
28891
9422
22961
22545
25845
16714
31500
33196
14434
16471
15775
8886
10741
34010
19636
1253
15274
377
35360
28863
16214
33404
30594
18248
18352
721
4568
13141
22261
4586
2301
39551
1789
5377
2627
23219
5080
10235
17641
14695
6820
24298
12857
7079
37679
12013
23873
21325
31619
26162
23723
39695
33106
6940
1403
6002
6271
34495
28965
37533
8007
34376
14601
17672
29194
14906
38988
29331
18362
32787
29268
35635
26271
38861
27616
35847
29444
33344
32001
1417
32385
9125
18168
20384
6246
13685
21294
28113
26497
16431
10250
39638
30029
6457
16242
39047
11319
25246
2274
13685
17293
20278
10082
7574
8582
17635
20007
22618
32872
26871
12872
14940
27866
25075
5723
16948
19142
23787
19948
30121
18730
39173
24153
19460
12604
30368
15373
21503
22904
9617
38423
31260
1991
36744
6118
28371
8909
36113
13731
15907
32335
2998
22187
1546
36160
34306
25128
26640
11175
33
22091
25917
19054
24868
20328
14826
12040
12768
27693
16437
36736
36534
5312
6990
25051
33581
17589
29486
24362
35578
21545
24680
19502
4066
18302
6552
16487
29558
9202
12087
8507
11773
31646
12817
11968
38448
17033
32013
12902
20319
16871
24683
36868
22705
22193
11725
11965
22920
12514
23468
1934
28163
17419
31915
20600
20573
9939
19784
23364
29299
527
12399
24248
8482
32250
26921
16916
12622
6289
32305
32777
6592
23182
20967
34551
13095
16062
15006
34785
10367
577
2512
2672
13711
13854
15281
30432
11532
4800
35424
39691
25563
20241
35066
6288
23732
2418
11273
31008
30178
16980
3994
8229
30375
36790
1068
26703
6588
28539
38596
27772
14709
21479
11806
9282
33795
4278
32958
38492
14292
32089
9380
34224
2773
33934
22941
21817
20439
29082
6198
2454
25295
4646
24780
18350
19768
37492
19327
16958
35987
36028
8837
25216
17934
11623
8538
24569
10371
39527
7381
23584
31191
5809
34134
7142
30851
17944
1884
5734
6639
10119
28787
16683
2170
4763
35018
16792
38614
26267
27235
4792
22673
24981
13283
30563
27502
29078
26505
24265
1586
5893
36028
542
9338
14684
21948
38114
33097
31684
1851
36684
7008
4429
38085
25874
14406
10951
16089
25048
26023
38015
29404
18994
23833
5849
5219
25688
32697
18631
24622
549
9396
31843
36469
6411
18978
16623
5530
24344
6604
16038
16765
31581
35854
18302
15086
12928
3608
189
10301
26912
16334
33269
15342
39200
14352
9438
32585
26067
7828
22286
37389
16450
15406
21591
31172
15068
34161
28733
16242
10171
19056
12114
6887
36815
20445
10160
37364
745
2387
21203
26042
15142
17711
32849
34014
30966
10329
14646
34648
36232
13025
17280
5611
38228
1092
32051
28463
20356
24717
31066
16010
24768
29144
37148
16317
14292
16626
18999
35802
4992
7388
26203
28116
1053
238
7973
22319
3367
14553
18614
35926
14635
7301
21296
29067
7566
18137
31117
34041
22263
21336
13211
3237
2458
21480
6168
13123
24162
303
16486
4197
32186
34966
16747
35086
30905
11695
2375
16485
20136
30899
20147
2309
36912
21220
6963
19441
33765
14097
15671
15013
28905
8440
29076
12423
36414
8773
5274
4476
620
2041
28305
24
24907
17830
34709
36397
12526
13783
2571
33604
29676
27852
39999
18090
3276
8994
3676
4385
25612
31697
9158
12856
1422
30160
38168
36725
38752
32147
10805
30766
22502
14004
4685
38071
8679
688
1966
34613
32240
16968
32836
8913
23208
25671
3503
38025
35122
31011
15871
2528
39608
10877
655
15925
18459
3971
27899
4466
24820
25077
10943
23899
13317
18116
32749
4294
36929
24022
5194
12970
16756
33895
23878
3215
22736
5257
31127
25573
4822
35916
1329
18929
38941
7992
7140
6434
12610
27575
34961
12930
3885
35472
35082
17288
16187
22926
7238
19018
39373
16063
7485
24399
1581
22360
4326
33218
4312
35254
27595
29955
31212
9471
29701
29592
23151
25063
11866
10753
24569
22479
7855
37993
17792
16775
36459
12728
7166
39924
3051
16582
3073
27469
30619
16681
28046
3199
22263
1199
14771
31793
27998
31143
24488
21089
24592
13594
37729
1709
14980
3927
18419
19886
26601
35628
4000
20991
28087
20721
25345
39387
4272
25278
2319
12324
7800
22844
39693
15040
26062
7577
20246
5534
28134
32725
15038
15383
5861
32634
12648
6063
22008
32232
36388
37882
36305
13710
35778
33307
31936
1461
15928
5800
554
23862
26731
17257
26920
14860
14429
14912
31486
28228
35316
14050
22518
10129
29923
21379
13720
34428
11639
6736
21065
4536
2048
29974
10750
4883
30426
23232
23195
19145
8215
23613
36332
32691
29003
18752
15358
13533
26995
8289
22683
22004
20290
27041
17569
1054
25994
12171
2110
1764
1347
39989
3338
36042
22972
28582
641
9600
9243
26513
22364
31537
17490
15296
1866
25208
25440
26828
26128
39922
19905
5128
30394
6638
8308
31358
30845
15041
10535
22225
32107
3511
34880
12546
30417
31908
7242
18125
11888
7640
21754
17907
15126
34736
27230
22547
6297
8649
27105
29490
38256
28240
6589
27226
16750
37557
18685
12510
28828
37950
29614
35259
30833
27768
31586
5145
14064
23240
1312
35633
34079
12383
7211
11338
20063
39436
11693
37916
8877
12139
27264
36373
31348
9595
1114
32249
17292
38733
82
1508
7251
37337
13011
31403
6886
18731
11228
33377
11901
8378
16305
4725
26144
33689
22241
27129
35082
27911
31413
15933
21273
11553
26866
39514
25198
20727
23755
23819
38631
9147
7207
34421
39158
19221
10378
30471
38558
33812
738
316
35530
4672
19057
4413
37770
28939
38353
39332
37098
4390
38249
5596
753
30703
7147
26020
33587
21703
455
38258
6163
30466
7343
21044
28889
1976
25992
10993
9388
15544
2666
15502
14572
12956
26452
16557
686
28088
33007
19312
38677
492
33341
22363
12681
26585
16606
31512
1367
36976
18111
37267
20005
6566
33119
20742
15824
30788
33663
28751
11108
21722
39846
14780
22199
10644
37070
31913
33826
28772
3119
13889
12381
10655
36389
37856
14838
1892
23360
38169
15726
17974
22824
33747
13808
29803
12395
16462
31343
21950
37541
29444
10267
37759
39883
19178
16703
35625
596
5781
36730
3540
32260
28922
35736
38849
33365
14478
16332
39699
27269
22732
35212
16349
1271
21653
12745
2774
24390
23345
3530
7721
22253
13555
29540
3625
25036
187
22552
22562
24792
1173
201
26315
32994
34623
27672
24343
26370
10568
11294
5546
24736
34388
38469
17001
12318
8188
34243
32234
36581
11730
33460
75
3403
29826
36371
19230
36382
13140
27606
2562
16336
32653
16291
5453
33727
30901
7218
6181
7455
35892
3392
4270
4230
33686
36140
1757
3539
24494
6131
16747
38652
37462
20995
15142
7411
33748
29821
22753
17973
6040
21708
22668
35695
28514
34589
26974
24461
1728
9210
39278
30944
24821
23239
28002
1642
34037
33431
32702
19849
24077
29419
10014
20990
37664
32969
3583
35354
25484
13110
21879
2564
34732
5776
32261
9513
9974
37834
20739
19648
9539
13188
18424
24185
18223
25926
31498
15553
4118
12185
9936
22452
7167
32962
28998
12000
33685
6556
14618
21682
34704
593
16099
31808
4339
26036
20209
690
39790
3838
36799
7373
33123
23780
39301
9630
26566
6737
2410
18687
285
16325
8983
23561
39975
12745
12199
21718
35865
13006
36794
5873
6595
30434
21097
36253
20817
29710
2579
21375
20334
32142
8342
10088
7427
26157
34714
10755
14429
637
7943
21976
5293
27760
19798
24122
8937
1303
837
26131
28303
31156
3236
15434
29385
19133
27853
9806
35948
33008
32049
32706
14042
31565
4813
13445
28744
12981
13243
2012
2714
12765
3620
27519
11498
111
10963
34621
29992
39869
23013
17804
18971
30498
19293
16433
12102
39735
1940
27656
15142
16111
28685
7601
31447
19792
11622
17751
19797
20878
13227
37214
15776
25286
36805
16041
14138
17620
24528
33477
3658
7953
778
6261
35363
18476
12646
37018
2078
31076
17537
16767
2467
21279
10668
20159
14279
20202
29095
22803
25871
16654
8111
21948
4499
29963
37615
5001
27198
820
39698
30278
25138
37542
11000
11969
25480
30054
5958
2234
10805
18006
20824
35366
24712
7124
4626
23648
2511
21552
25300
19117
10714
14919
25355
2538
14295
13312
22820
17556
16540
17379
34460
12020
31172
35537
38323
2789
35184
12452
15488
3715
39535
39012
22557
3122
19960
22370
28482
520
31060
11381
29999
7000
7129
38030
2243
37276
30800
11130
39978
38654
4920
19829
8756
23363
3684
34469
23680
31316
36415
34042
8727
18667
9712
13855
29077
9495
34392
37533
34049
4651
14072
24973
2366
14729
32880
16632
26075
38790
30626
39373
29829
30906
10485
2941
31004
13543
10294
26039
23138
34692
6360
35579
8016
9253
31132
24029
9923
39944
14412
30680
31187
30206
16993
17101
18053
24691
12100
23447
27606
2205
26033
21451
25399
39485
22584
13393
35353
20821
5150
19289
36766
31655
21024
32893
2095
38693
26007
35250
29163
18554
23351
7465
11708
23539
7153
25672
8262
11212
32953
18496
8057
33619
5601
32138
11142
18683
11172
8259
27695
29120
22976
39714
9718
22065
7034
25554
22007
7519
14405
7088
2514
35808
6333
6179
7552
23616
28494
16402
28999
2821
18098
18502
21128
15198
28951
28574
17014
34664
35294
27561
2401
13148
35328
36772
19696
3671
24331
7951
3053
13959
24522
11950
21819
12655
30531
36953
3298
1816
3994
15744
20555
27029
33171
35967
26695
5297
20853
21658
25289
4471
14217
30229
16884
19229
32770
12211
22031
14989
3318
28105
150
25425
17162
3197
7082
22683
33581
28000
37416
33903
27515
30246
6230
14126
29953
13246
34234
9536
32352
7250
10437
11228
19530
29533
27820
34743
20202
24099
3032
15431
16544
7122
11123
10354
13290
25075
27747
17624
25630
11277
27028
29498
10771
10518
28589
5381
12960
13591
26852
39743
19388
21275
31853
28301
4357
8275
34381
31390
12572
33545
32718
24248
15917
31807
7883
13981
6604
13796
9643
29209
28603
31666
10474
26539
5128
1767
12243
36493
8019
29
586
2082
1005
20296
23173
34236
39069
35340
4763
29767
23740
34297
16757
24021
31488
33316
1057
10822
10133
29475
38469
25427
36391
33700
18800
25016
16637
18794
7692
16380
14271
23781
13360
25630
18968
27630
12690
13021
20470
23772
11609
3300
12206
28805
16849
39313
35901
26389
21560
21089
29609
39108
12597
13817
10375
35447
37864
3795
16021
20277
20060
1347
5319
22404
36505
23909
14943
25056
7639
35942
7349
28439
34509
14315
9046
39748
4903
16225
12297
21797
33749
29218
7341
32411
30656
35649
5054
10879
6551
15090
5430
25883
26056
20825
30416
2060
23243
34989
32743
29938
11352
36169
22461
28753
33017
7695
31641
26247
18361
19001
29512
12074
23868
9981
30979
19517
37352
32540
38065
8463
36545
10952
25667
23345
19347
22128
11837
33042
34184
27241
21909
27129
24281
32122
15220
3805
17697
7620
37977
21092
25678
34700
861
1399
30768
11303
25489
12350
15156
29505
24771
32829
31850
34697
12896
18506
8065
35965
16883
14954
1685
36493
38923
17224
3423
14511
36347
16209
20875
26366
23099
19823
29287
33167
10220
7007
32055
24659
37305
11633
23269
4898
31961
6172
17173
9898
21232
28027
15063
31795
26197
37032
20278
16014
28015
6771
12781
5786
20536
10112
3513
12530
36004
7162
24266
27766
34394
28279
19795
21237
16289
17578
25985
25844
28694
20159
11464
21469
29401
7767
37592
37575
9288
6112
17838
21534
3235
9423
34119
34095
13775
14269
32752
27795
11510
4508
5306
16949
14539
20180
11529
37441
15275
6078
19403
8938
7199
5692
3013
30808
29630
22066
6216
14893
30959
37158
3
21939
6477
21744
8754
25315
5027
22941
6388
33940
6230
7462
25723
6463
29410
16136
18269
29931
29181
30464
31047
22521
22807
5861
26192
10190
2499
35873
33963
38360
6831
38733
6263
33919
37711
6441
37745
12970
6233
34677
8137
35691
23977
38894
28562
10632
21316
11624
34962
27175
15481
37956
10681
3541
3811
26767
23279
31219
6604
16952
13766
26877
24236
9963
24847
31480
1039
35534
38664
30008
9364
1495
31603
26507
16209
30280
2305
36166
27412
30024
24301
25130
5061
7903
30246
37745
4135
37070
18852
12667
19709
20937
11676
4560
21257
27154
22798
1297
37679
30131
26172
2112
13689
37848
437
28456
6516
36806
35983
37611
7479
14460
6770
19430
30787
19301
11473
17987
36742
36214
10228
14938
36602
938
12017
15300
2218
24
25786
1855
9237
34733
16463
13687
24555
27276
37332
36791
11892
11583
22653
15467
35152
22040
20261
36177
4697
3752
2622
4220
37157
5979
28579
19461
9255
21871
18186
7118
3893
15695
11349
1268
29668
4368
35527
4561
6031
16007
14484
22250
18999
29956
273
9596
38340
7728
25930
15710
31018
31358
15474
1491
15015
39761
25269
18350
40
2986
106
17314
38155
12428
932
6181
20351
6383
23976
17473
1544
15324
7608
23607
29919
29419
13774
20560
4982
5079
32804
4033
20633
34747
8048
3258
37488
6124
16046
3467
6433
32306
37205
11059
29138
22883
23467
12871
15628
7774
9332
10876
11771
5345
34950
6865
31954
14088
29112
8283
21515
31203
37688
29934
32204
29682
38268
38245
37221
1023
39633
3983
9590
20312
31695
31734
35758
12520
34222
9549
11438
22578
3953
22517
4428
38377
19840
11180
29747
174
4755
403
35047
24934
9226
35162
31078
13815
39835
9802
1066
21472
35939
5230
25355
9074
2909
15647
17922
33071
6960
15339
19017
8446
14178
3745
8477
23815
31083
28732
30501
15217
15268
12394
33517
21942
14558
6775
4043
27423
12687
37019
12514
6113
25960
14044
30085
9684
2754
5665
4467
29260
6774
25045
36160
10582
36747
8244
16469
16273
34058
25781
7758
5606
1390
30228
7809
28581
1080
20667
33631
5117
31902
21068
16818
28184
11299
31054
30662
18897
34114
7473
8420
22483
25412
8703
1785
14863
28337
33378
7894
28761
10595
24972
273
26784
37622
22919
26440
30792
33499
3609
37317
36710
20492
15187
3325
791
794
27574
27571
11261
19426
8387
34810
9495
33630
13406
2647
11964
11543
1374
16901
10996
25912
27060
3921
25523
37246
39477
23014
10803
22348
17413
15459
4589
5915
23394
26856
14579
36879
22026
16624
5037
1252
38794
28632
5358
10503
10725
15934
21490
30209
18525
26437
3702
6222
33760
31412
32180
22156
22930
16382
15354
27791
3379
22236
1062
16849
21101
35478
35008
14343
19453
21986
1716
18574
28859
2659
37738
29764
39111
27794
3588
30388
21522
34170
39795
15977
4742
1373
17591
22819
21587
39796
35249
22184
8984
1684
31398
5681
26346
13676
32018
22597
32067
22443
28518
4132
20554
21630
9121
21465
15674
36791
14214
1459
7346
32009
10623
24141
28313
20784
7374
8456
30060
8302
1964
20634
31078
12271
5888
21952
21835
26382
14717
18447
13968
39792
7192
22888
4138
6414
37669
37706
35505
26001
461
39362
24753
37398
39214
2685
846
38545
31695
190
2001
22413
28286
37610
32275
32785
3017
4353
11396
36639
36693
22375
7832
36822
20254
37088
4432
16311
7755
22875
31329
23684
32365
26341
22018
1860
33044
15998
21783
5092
1614
32521
12725
17208
20477
604
32082
22430
10836
27320
3594
35075
22702
27218
34704
24831
3658
30544
24239
31324
10087
33487
33532
8948
33016
21729
5467
29560
1925
13460
17258
28685
20766
3181
29773
36880
29180
24436
32983
20218
37557
20649
20561
33823
31387
37524
14123
2385
4083
34106
26748
34465
6093
27819
30392
25989
25028
313
32365
3925
6484
9155
10361
8560
9171
7791
37132
22012
37134
24374
6806
25866
20353
23832
15885
30487
4914
6833
16284
20078
37226
15780
491
30251
18129
32563
3271
8859
28133
32689
34607
29824
35287
23118
30714
39345
13314
24658
25512
22173
34824
28133
17667
25648
34315
29642
35953
7502
9093
18348
21017
32892
23429
6609
12336
3358
35015
17387
12959
11035
7598
2125
7699
21916
28896
9595
20000
23284
28222
33434
38034
30426
16575
23046
34514
24913
23272
31618
35634
36008
11370
25290
8789
20317
22551
14853
1278
6173
14210
1111
35443
7399
37427
25298
34189
39502
25412
26828
31263
31837
4188
18507
2113
14101
35397
3869
11064
36625
1579
20805
28483
26059
243
38415
31109
32311
15221
34053
29322
4621
2968
250
38007
35620
34505
38723
3219
29434
23767
26694
34988
2384
19823
6250
27559
18290
22063
17646
33448
25748
17896
4502
346
32280
17013
33087
34971
12077
37810
10324
36807
2065
14363
34713
19232
758
34563
1637
4631
13507
15790
16684
19065
38897
3531
23354
21817
36566
11857
5564
11734
20351
11700
21561
11945
27637
34500
16222
33869
31970
23907
27190
22122
5006
7585
4920
38496
4802
28406
13754
33677
33229
19675
27140
4604
29476
32261
5375
4138
34404
12031
27277
20918
15028
2594
12530
21348
7238
9844
31151
141
29884
17627
27887
16679
37927
34300
22427
12909
4842
30773
16776
39339
26237
34930
21904
31976
27854
304
22718
27823
5377
4236
16803
25788
15640
27079
6213
18944
36590
2521
20343
9297
27806
31662
24132
8050
39809
1729
22917
9274
39827
11220
10642
3363
12791
27913
25045
8113
39057
32800
31418
30460
12625
23886
898
22556
14480
26230
37431
35121
4370
4551
4282
3916
39915
7985
38840
29182
2495
1924
18107
30779
18658
3176
24605
13737
28510
24115
9111
29579
30930
36586
25015
23173
8631
21912
1712
715
26750
4356
21323
16810
18005
3217
23740
20467
26633
34231
33551
28480
1798
28698
19201
11300
7801
38660
2923
8883
7190
34820
32281
35946
15093
2914
9337
33277
7576
3325
1903
19772
24775
4227
2374
12961
12700
17869
12672
31928
10779
11925
6030
22443
19385
27924
28187
13737
11198
10236
16322
3571
6212
6863
13409
22595
37535
11163
11077
537
32343
24658
4997
33635
17168
14922
29162
3591
10571
23693
30859
20753
21573
23902
10808
36340
28349
8329
31757
28543
16851
24037
17254
21917
11084
17578
17713
12872
38642
17257
33054
26828
3160
9964
12659
692
14779
5418
14653
19539
11461
5927
1761
38448
747
37222
33553
14735
18741
16460
37530
16280
1246
25555
33497
35751
20817
20263
34958
33327
37331
26592
25033
33867
22656
157
17344
10595
21614
32697
29506
7543
2926
35629
39174
30091
16497
39874
35677
47
6662
34033
32903
15914
33153
25561
11105
24642
28792
23771
39227
11947
2855
26262
37448
10826
24563
6586
39023
24036
7116
6283
2814
22504
5547
3188
20990
38165
28603
32965
38177
15561
12500
8523
4440
35240
4322
35147
19329
37541
37156
4506
28350
21360
39760
25436
5409
8124
18708
3223
13635
25708
27064
29299
26676
1305
30111
35152
2572
33090
15981
5764
15712
1873
11778
6128
3409
21638
12387
19133
10302
12546
39418
9016
35865
1266
35124
7752
39255
8406
30472
39432
13057
22829
38424
21381
24680
12991
30128
23381
8181
25095
11755
17170
862
17786
11508
32562
39285
4024
14186
9412
2586
12878
25757
32393
39121
33126
