28747
6552
28102
11759
29573
14578
12006
14284
27238
18051
14014
11586
6491
10249
5369
700
7356
5621
26993
23354
21629
4388
4957
1992
3230
1434
10171
11037
1181
23482
19993
3597
27804
19443
8189
23307
9612
22090
23973
11439
14680
880
26921
17712
14079
11601
8012
5262
8681
15529
28081
6094
21642
15378
23257
6947
6581
28510
21291
28245
20664
9405
5773
6881
4709
796
20015
9725
14576
18730
1879
26214
18020
25288
23158
14376
6433
18589
1338
27017
12672
1859
4173
4498
5911
4529
23818
26475
8023
454
12799
14482
834
15967
8974
20792
1579
13765
28094
17064
70
1494
6591
5909
26862
8654
23835
4207
8021
24578
13095
7889
6822
20952
24249
16874
25510
15046
3443
20469
17433
15158
8253
18632
11841
6611
24225
3990
24050
4052
5840
19345
7968
8849
15394
8304
2842
25334
19915
20584
19376
15875
26600
23466
28687
25549
7433
5721
26221
20181
2921
2118
20511
10435
22216
15578
17801
17727
21002
26239
24301
16923
24103
1179
6692
3984
16755
9706
1483
8916
3929
23575
15173
15893
24113
22791
12862
18325
17649
6643
19695
8193
16959
15776
18797
22304
20340
18956
2684
26996
18891
14902
27442
10080
18217
24026
12502
29703
6167
25337
26646
11244
21179
12321
22568
252
15669
27902
12232
19476
28629
12060
28577
2703
2201
17144
27527
18256
22548
15858
28320
5113
18155
15617
16723
6886
18313
23571
15528
19625
6386
1167
13727
4371
18596
13802
1485
24267
17897
210
12609
990
13929
23050
4437
22835
18797
6754
9632
12601
14926
26129
20664
13744
17660
12610
22117
24369
28138
10730
25200
21851
22263
5394
16266
18331
24040
22644
8809
24087
26400
5686
25293
23895
9185
10446
25073
16864
8412
23057
27709
19359
19173
21725
21833
3342
1762
16847
13259
17942
2562
13649
24865
6225
24570
17716
3194
26570
1498
19206
8175
23988
28127
7711
320
16787
25730
16910
11096
8491
29453
28827
29298
13716
7117
27145
24997
21798
16322
28282
16571
6423
868
4414
6624
15950
7472
954
3141
11523
368
11393
1779
22597
29193
21554
14797
25575
21854
2717
14463
21080
20353
12563
23779
7389
10218
21689
2210
12814
23792
17832
17687
22842
16980
7557
8191
7271
6877
6008
23837
3386
1453
25579
25210
11759
17155
29217
13001
18022
19082
29808
11833
9114
8447
11452
17171
25247
25760
5490
4275
16999
2719
17102
9012
11889
6293
6921
19972
3504
7844
9970
2359
14579
1637
5847
2279
4326
14272
28625
5080
14100
29738
3210
28106
11270
15961
8396
16664
11245
867
15607
22605
14584
13748
25934
6102
20450
20381
2574
14162
25372
3818
8524
26694
10914
16220
12458
10302
18109
13333
23174
10222
7621
1411
14368
1958
18816
14163
20581
13988
4811
9559
14012
6771
8835
8146
19613
11185
17489
13839
13241
2174
12048
25730
26090
5440
12108
8982
10279
28084
22537
21766
12916
28558
26253
2583
27252
11554
27515
23954
25772
412
1949
16688
12934
16745
14045
11885
9294
6200
7008
21583
23373
21387
6607
14816
127
12599
28180
27207
21027
25163
4173
5606
3407
18350
19168
3404
3677
17793
27564
21769
7445
451
9495
19506
21272
3539
6809
6027
26679
14048
2260
23825
28574
9405
11375
10842
27905
14848
26013
2547
18305
16601
4815
20809
19706
21904
4147
28564
5980
4087
3382
23693
13045
21791
15981
17873
10951
21014
28220
20637
20027
22061
15602
23385
13649
24808
2145
9313
10947
17679
19101
12382
27269
4434
15873
9012
25467
3129
28536
9780
27032
14488
21438
20418
1085
26754
20116
11281
19878
9605
4074
22442
9005
8963
668
555
6426
25409
17836
27884
4648
3063
1096
20668
27092
21960
14391
5099
11636
23004
23317
513
1250
3881
2520
6763
29620
5265
16815
8038
15786
4868
10326
22355
29123
5253
21960
13947
23259
2187
3474
6204
28405
15998
19840
29154
28049
17409
26166
18401
2955
8447
2909
16509
3888
17469
10152
29341
18957
12191
28146
10452
20198
12535
14805
3919
3919
5065
13913
12669
2075
15194
26856
22264
6318
6214
17914
2802
26945
3136
20626
10170
9602
29908
20788
14126
1333
5849
7105
25947
18444
6178
8177
1231
26110
14739
24299
3504
1463
18737
8452
20709
2619
2434
8545
10418
10168
532
8123
11809
7975
6089
1871
3867
1102
17088
18014
23527
25078
27615
10888
15929
15748
14620
21792
21292
19447
9099
17772
26954
25773
17810
24731
13591
6017
26120
7299
26718
1205
15916
16566
2419
20984
26513
12288
29832
3620
23255
28640
23307
4006
25797
9904
28636
27499
6610
21059
17965
25044
11684
4011
20578
29846
9791
29939
4535
20720
12031
10719
20529
28810
4929
27823
22573
29878
28731
24218
18180
15862
22268
16140
4592
7642
6286
6830
952
18643
952
13807
13671
3705
1072
18236
13163
14550
20878
2417
4650
22093
26123
25804
3438
8778
26488
4074
26225
28312
7595
23376
26212
9193
1509
21192
13721
27717
17391
7254
15744
22354
4978
5158
4046
5675
1701
26789
21530
27233
12913
4072
9106
5003
7889
24844
24458
18475
18069
11867
7220
17279
11478
15607
25803
28369
21972
14247
14537
5163
21386
4588
13865
1482
13027
26686
26535
7886
24662
7944
16979
15387
1949
396
10868
17215
1092
21092
15225
7152
15916
17286
29819
6465
19983
24579
20718
21761
7102
24861
2790
21905
4485
19299
9766
12192
21008
7706
29380
28437
19672
18105
809
3543
21046
9905
27700
1196
20184
4375
16078
29484
22241
28768
26200
21154
3738
23752
28496
23151
29606
26638
17427
13482
8804
6304
17148
88
22637
12302
12027
11332
9902
16957
27088
1707
25615
13883
9559
28614
28689
17418
8494
28741
4887
1148
8736
10053
7963
6457
25910
1246
6194
5407
23188
1883
20857
28438
6335
2294
7982
16734
10382
1151
23388
5160
29902
28777
22062
17311
10895
21362
18804
27521
29212
4109
4931
877
184
26926
23527
23083
18051
7121
20164
29362
28205
3799
26650
21738
17089
21902
25575
24335
23490
12443
134
17358
28788
12919
23557
16575
17121
5395
24724
28943
844
25898
27689
23417
24994
434
17313
17185
4636
10205
12049
13261
1953
2738
22474
17744
25049
14724
6827
14436
10604
18236
2960
10562
29608
24343
20873
25537
5986
4622
5301
11594
24180
302
26125
22740
6660
2244
9133
15184
27237
28663
8109
21059
28214
29265
4878
13019
6297
13947
28479
17024
5071
12324
5935
18665
11710
6670
9405
21080
7572
310
27852
29475
19541
8398
2258
14768
9952
9832
3360
4860
12785
8321
28507
7064
2159
28743
29992
23936
12853
7097
21127
5897
28622
15274
10198
3271
5113
29889
2327
8088
26509
24320
24812
20033
29973
17406
8270
12114
13660
25667
6284
9320
2596
7632
16305
3776
5024
6265
13102
25843
4418
27120
28359
12130
21535
20415
28186
13359
20350
16482
8857
2837
19279
4078
7897
25014
4424
6306
14659
18975
29979
16489
26311
29769
18483
15080
6945
2703
6557
23674
16500
7623
17508
7798
28450
19695
27780
17337
1726
15862
8320
20918
20552
20404
28080
20567
1591
5878
23570
19950
1750
10154
14528
8156
16229
27395
10866
22493
9376
21050
7882
126
7580
26049
4366
6797
13021
10453
29699
9020
12054
17776
21860
7713
22712
21431
4498
7100
28603
9911
1045
7525
3658
23895
17489
19650
23848
15818
15732
21619
13329
435
2011
7450
22652
12693
26565
2106
28124
13990
14015
9035
182
10944
26510
1094
21917
19268
1499
19235
13704
15211
2040
23293
5733
13306
11713
26287
22838
6305
22654
24030
2570
544
11252
19986
16263
25350
7564
9889
17011
9672
19131
9818
20946
18507
160
18779
16106
21870
20637
6544
25074
16646
28109
11545
20681
19831
13843
16550
5571
28
835
29697
13485
25748
10378
21928
5426
2841
23479
20998
6150
17054
28365
29117
15519
3892
16497
28979
3364
18665
14062
21734
26734
29614
9224
7484
10059
28019
16877
8267
13457
12017
23383
7954
24239
20307
24799
1858
6655
7026
1052
13629
26568
13100
22696
24809
28672
29712
21907
28945
8783
5833
20673
26233
239
4757
9598
10571
3503
3280
25858
16515
11062
20386
12448
11715
84
12897
11112
9364
7780
26436
13820
4506
24798
23302
2976
20594
20730
2851
26058
11211
19087
4658
14489
13118
13001
6031
17779
10139
14264
2708
25702
29921
533
11859
6095
5850
13824
24179
5097
26145
3636
22532
21854
7153
92
14880
841
10059
8863
29457
29723
25955
1687
1129
8940
9208
8576
7841
21466
27934
13435
6178
27821
1530
17922
12570
12539
7049
12438
28411
24918
29085
27348
15814
12387
20581
17590
26719
24487
9864
24021
21533
1674
4718
3389
25776
12413
26395
8041
1055
16727
22121
16701
5102
7931
7937
11586
8665
4214
16901
18859
17983
15556
6173
5495
2669
2258
20348
29520
22325
23150
25758
8960
3436
3642
13760
22579
15709
4320
7548
10759
27965
29103
18208
27199
4172
16180
23114
18952
15972
15556
7410
22611
8338
18181
2372
16161
6670
23004
2984
18829
4936
13745
5008
5554
26449
11776
17133
5533
6067
8776
23406
9758
18958
28166
19543
2680
1568
1292
1322
4424
23936
25226
18772
10194
11352
9134
5766
23574
16012
2360
8078
14370
11995
28918
23554
513
25841
7919
25625
15393
25302
21499
12294
23794
20839
19503
18386
27819
22287
6087
24708
8358
26849
25675
9599
9739
23573
12900
2712
13867
10941
7464
18323
403
18130
21840
6745
11312
27888
28203
19064
7137
27307
2556
20007
21320
10508
23807
23028
11771
5340
17017
19181
12583
3819
28924
16695
29060
28445
6441
7726
29187
10019
816
4505
4003
15745
26884
6681
18643
10321
21594
30
9571
1012
447
24150
23843
18400
7849
17123
21837
14074
3318
5784
17118
14273
19681
19984
25263
2453
18483
18858
21986
29906
9845
28469
16792
23165
28932
2196
20847
13561
14797
15390
29785
8470
10280
4182
28488
26472
7154
15185
24117
19423
27346
21289
4255
440
22909
1581
3169
20655
1092
9570
11436
24111
14619
17371
6324
392
4917
15456
519
10908
9835
20190
7463
3366
25035
6043
2649
10407
14205
24900
13926
28159
28177
16997
19247
23348
11444
24484
10829
28033
5266
8794
16246
11598
4581
24015
17340
5128
29403
13073
18383
29518
1621
15712
6947
14231
11868
15882
26092
24610
23759
9934
3205
2188
13815
1343
25777
18760
11707
10935
14665
24686
27871
24789
547
10723
8967
15909
2676
1936
21578
7354
26636
27506
17266
29898
7375
18093
2447
15782
5012
16013
28283
11572
12279
20155
28296
12476
18857
7449
16630
28523
6295
20618
4481
19079
8072
3841
8950
10272
28495
28836
22518
4911
11441
29260
3620
16526
18832
12604
26440
3187
16374
28652
1446
26267
10365
22913
2936
26527
21563
15274
1400
27845
12636
602
26266
10405
6567
1965
16166
23302
8370
21640
20339
2565
2066
1346
6543
24865
27386
1993
13627
22198
1508
22722
21603
13765
10446
24689
12476
14908
13788
14209
13590
4247
3100
29568
8192
27938
13334
12666
15674
2553
18849
305
10214
24383
22003
24726
13832
11735
11665
7158
14573
13155
8100
26164
8871
25751
14765
27439
12662
5416
2127
4799
7859
4662
15594
6322
16806
1811
24520
28973
11783
20063
26704
23841
16609
18594
3081
5004
23506
24980
88
2297
15456
8685
27786
22485
26790
15060
9149
17247
20843
12486
4488
4171
13411
6886
9499
22242
10143
16427
24722
7994
20880
11290
11315
6430
15113
2112
28726
10746
15762
29356
17876
5541
25929
12504
20376
25706
19331
29058
5267
5541
22592
22075
14892
55
27660
13819
11220
17494
6417
22158
3990
14869
19962
11967
7661
203
26483
24000
9409
14274
4876
9235
16473
8958
12076
17512
20052
17895
17906
25348
28995
1669
2279
282
7582
15768
11823
13800
12118
3041
20223
22401
28666
8465
4872
8194
11876
26524
145
13700
17227
6088
20179
11965
16395
2568
12397
14754
20881
1120
20200
28941
6720
16516
26853
22951
17682
8513
15443
21443
6200
17464
9293
17255
16098
12274
18703
17959
106
1237
21001
17520
5386
2706
16988
19806
3438
19479
8897
23434
27956
21048
12521
23651
6816
2069
47
15367
21164
391
6474
18079
10301
17821
3486
24453
19536
15294
8274
24146
2643
26522
15549
1528
13169
24338
22954
761
27365
26928
11194
29219
7856
28611
26808
344
29989
19323
24247
9278
11361
2862
27592
24591
24968
4373
11368
29486
16794
11751
5110
25319
21365
23199
25906
10929
19444
27068
19905
29748
23957
13845
28445
26177
23785
615
19274
6594
17508
26604
11043
14606
20196
16490
14306
12105
13134
21109
7390
3110
4739
1634
4623
15290
21490
26809
6797
15855
5320
22981
28278
23249
5074
27036
6175
17128
15571
7462
12754
5203
8305
29996
27541
1197
21497
13326
9531
3983
25955
9312
28420
21698
22832
17490
2496
11279
15839
8731
23137
23637
1680
19249
4333
24309
7360
16712
20786
29389
10690
23477
1765
26704
8543
15821
3251
24303
25380
927
23368
24870
27386
12346
22638
27541
24387
1900
11981
13689
21520
13785
11537
2087
3168
15300
9145
25476
13682
13213
2764
13396
2731
7991
25606
8973
18179
29956
24496
21047
9178
15360
15821
3874
13097
29831
3312
5780
17826
4868
28395
1774
19113
26519
4163
19129
14220
11649
2959
13154
1326
13215
19311
21440
9249
29025
17946
14462
3633
6
28575
25225
7678
22198
4717
22775
23650
23979
3998
11282
11873
18365
2766
16192
24285
8569
28393
8160
27209
7629
26034
5187
24678
29826
27441
21861
26121
4087
10804
29015
12989
27958
5334
26602
8149
21093
15628
4857
27434
1675
8620
22019
26402
27020
29849
8532
27442
21875
14249
18688
618
908
16487
25387
5742
29339
9332
8888
27510
6268
9481
25723
5419
16648
23063
17725
27249
25504
24288
1468
8804
4121
12974
16172
13467
24197
14480
24078
25674
3098
7622
5532
20275
15777
23810
28590
27132
26589
10846
13340
11643
29349
21068
16592
17598
21168
25592
15238
6504
26140
58
15556
15974
1419
24760
2080
19375
10571
8648
9651
10985
12817
24915
26008
745
16065
19510
21712
12066
29548
8529
17221
13839
19958
25666
2889
20011
3266
19804
6826
16013
28605
4736
18468
8578
9172
21390
5444
18019
16339
17717
8341
12709
4299
27142
7432
25055
3167
22231
15332
12389
3468
9091
17288
19923
28738
4830
23433
25526
17043
22711
3597
16597
24630
14038
12658
27821
13672
26324
7611
18777
17681
22090
7560
28768
27870
21778
2738
22009
25872
29306
21280
13465
28033
10887
27096
23389
22222
13669
10501
12451
9397
13549
16337
27603
24124
22783
20480
9947
27355
29535
298
19319
11320
26012
25746
24912
29310
7723
28039
12651
16376
11842
742
4386
20159
25985
18026
928
28302
22875
5554
8102
4478
17057
18973
17611
21491
13584
14436
4864
27298
13793
29507
27568
12653
24638
26022
21846
7629
26133
27629
666
17019
22596
19324
19652
9115
25316
4193
26417
10517
22515
5410
3074
23953
8265
17650
14449
21006
16524
25136
15519
9519
28735
29405
3033
19956
20133
6760
7513
19584
14484
2551
27465
26044
21844
11684
26162
7287
7926
4577
6802
9592
29537
25290
8044
210
2104
7158
26346
29298
21400
19897
15133
18088
17101
17401
7429
14048
8612
18971
4684
18028
14619
24842
22972
24080
28869
5827
23441
13961
16954
5391
28329
18378
24203
14318
200
12677
26290
4733
5912
9459
4599
10947
19646
2736
3216
27310
20888
20390
8000
27077
19106
21588
24848
17241
12039
5050
4156
27917
23765
2292
7956
22367
24665
18513
17522
26002
16794
9902
24571
26601
13506
15092
27726
10482
29910
14107
11066
17229
12998
1225
14029
1096
13792
9132
14390
20328
28319
7807
9900
27686
11873
20924
19368
8691
3479
16958
4924
1178
11973
20978
13111
20160
6249
22346
10737
19114
5448
8333
11792
13868
15780
9215
3502
15609
330
20968
16337
23244
28359
19491
4874
2482
24587
7045
4361
20289
6806
25080
3629
22281
15326
29204
13722
26182
11715
9993
14115
3743
7962
6539
27127
1470
7845
5577
22055
20396
19043
14828
20133
8313
16804
16905
20313
21908
28245
1380
4029
26621
18922
1249
6248
4677
14521
25911
12936
11118
9155
5732
24744
25301
22750
20023
18721
2712
27789
24446
8237
15957
4289
5884
3639
26545
17224
1382
4749
27586
17684
16379
13719
21530
4359
16926
5394
17424
6954
24769
29685
6732
2685
20544
1637
13215
27176
22263
22356
21373
16880
5248
324
24232
27782
8845
12825
7738
18649
19902
26220
1487
25996
21888
4347
3388
22610
15331
13566
9344
1029
3542
20709
8069
22966
9264
20766
12323
15166
1053
15458
18866
1107
14004
25807
8921
2471
14898
16464
6296
26779
1461
25176
17758
29344
24822
22269
6104
20142
3587
8641
14519
27261
13496
9981
11453
11648
1914
19062
17571
25219
3823
13969
20778
25097
10894
26322
20876
29848
26271
27632
8686
11840
10638
309
11237
15270
11857
26961
20241
11807
2995
26398
11210
19959
2748
6799
16230
674
14895
17265
27397
25274
19569
24275
8089
1879
11329
16194
21333
636
22936
1965
18512
29246
16413
10488
13910
27936
24245
8075
11612
19689
9942
15946
12093
27783
25367
16960
3846
25405
12950
15716
15963
28392
1125
9214
17460
23567
13170
8179
2919
14328
25041
9083
29699
12424
29128
9604
19142
1331
3878
7600
27964
19457
21297
14073
28852
27713
1708
16244
657
14247
10977
28051
3002
16224
6768
19013
16318
13303
26628
21064
22152
6561
16542
22655
1626
8450
13505
18478
23721
15890
17833
12338
13141
5914
6920
2366
14323
17768
8159
15215
26313
14931
10261
27841
10758
17768
11335
12651
12428
3650
9372
10822
26058
29112
8340
10795
18858
10321
764
17785
8611
22947
9569
10550
16764
15240
8415
8797
11822
11378
23524
29862
14005
19989
20918
14083
1363
22386
3965
5110
1777
4357
17966
22672
14882
3156
7077
20644
1062
26616
3279
874
1176
8136
23201
15264
7604
26432
13113
18427
3913
8737
5759
9083
18966
8897
21447
21388
19301
2579
645
16921
257
8466
5453
1291
677
2296
28855
10575
14690
5099
2652
8421
27052
18982
8079
22692
9778
20245
4427
19516
5400
12393
6292
4371
738
22108
9100
26321
9024
79
27158
23127
4353
11311
29743
3690
14677
22631
16845
10094
21203
23710
11415
10269
27011
20497
8191
27319
14521
5579
952
18627
5070
9952
22808
13635
989
1753
23707
14789
21175
18170
27761
28198
13044
1632
22725
25778
3399
8022
18411
6566
7180
13606
28150
2759
26304
9548
13763
21147
19245
4310
181
12212
9777
1000
20558
21677
1306
3421
5014
2061
25856
9095
6859
4121
10478
3687
6550
23350
27983
11432
23301
9628
17201
11478
5147
24182
9945
19004
25808
565
20419
28971
11910
1652
27267
29271
22137
359
10333
4474
19842
23581
24493
12156
7481
19732
11620
14202
6164
26763
9553
